0 18 18
1 13 24
2 12 20
3 6 9
4 4 13
5 16 18
6 15 14
7 19 16
8 18 9
9 14 17
10 14 13
11 21 14
12 10 10
13 5 6
14 15 8
15 19 10
16 9 37
17 7 14
18 9 12
19 12 15
20 13 13
21 18 19
22 11 33
23 4 20
24 12 17
25 9 7
26 9 13
27 13 11
28 14 5
29 11 13
30 12 4
31 17 17
32 13 13
33 12 13
34 10 10
35 12 19
36 15 18
37 17 10
38 10 7
39 14 7
40 14 5
41 10 7
42 9 12
43 26 6
44 10 41
45 10 14
46 15 4
47 3 73
48 14 32
49 5 27
50 18 15
51 42 12
52 25 9
53 21 10
54 18 17
55 12 14
56 15 10
57 20 13
58 9 5
59 13 11
60 11 5
61 30 7
62 22 14
63 43 8
64 14 10
65 6 6
66 7 47
67 22 33
68 35 18
69 21 23
70 11 14
71 21 12
72 15 7
73 6 9
74 22 9
75 15 8
76 22 12
77 16 12
78 15 15
79 0 0
80 25 14
81 12 5
82 23 11
83 14 11
84 20 9
85 10 6
86 16 5
87 30 9
88 7 11
89 18 7
90 20 5
91 18 15
92 6 9
93 7 6
94 8 11
95 6 8
96 5 7
97 13 10
98 7 9
99 12 12
100 18 5
101 11 13
102 16 10
103 10 10
104 11 14
105 19 7
106 5 5
107 12 3
108 10 8
109 10 3
110 9 3
111 19 3
112 16 22
113 16 17
114 16 9
115 12 10
116 15 12
117 18 12
118 21 13
119 15 6
120 8 6
121 6 12
122 9 13
123 11 5
124 11 12
125 10 9
126 16 24
127 12 11
128 17 6
129 19 8
130 21 17
131 11 12
132 13 8
133 8 6
134 12 16
135 14 11
136 10 10
137 13 10
138 16 9
139 14 5
140 18 5
141 5 15
142 30 3
143 15 4
144 9 8
145 12 5
146 17 7
147 32 11
148 28 7
149 7 6
150 22 9
151 10 5
152 13 12
153 14 6
154 44 2
155 10 10
156 9 8
157 12 7
158 13 22
159 16 16
160 20 14
161 16 9
162 5 4
163 11 8
164 13 8
165 15 2
166 5 11
167 8 7
168 6 8
169 18 15
170 9 4
171 6 3
172 15 1
173 15 4
174 15 11
175 15 6
176 9 14
177 5 10
178 13 6
179 9 8
180 6 4
181 11 6
182 37 10
183 22 13
184 20 8
185 21 6
186 8 4
187 8 21
188 2 12
189 16 10
190 9 9
191 15 19
192 10 7
193 7 8
194 15 6
195 9 7
196 5 3
197 9 11
198 5 12
199 12 14
200 3 3
201 13 11
202 15 5
203 17 9
204 11 13
205 7 9
206 19 4
207 37 5
208 23 11
209 17 5
210 12 5
211 4 2
212 12 5
213 14 11
214 9 5
215 12 6
216 19 10
217 9 12
218 11 3
219 7 15
220 5 12
221 9 7
222 9 3
223 10 11
224 16 9
225 4 11
226 7 11
227 9 7
228 5 5
229 28 5
230 47 6
231 10 9
232 7 1
233 6 7
234 7 7
235 46 6
236 9 4
237 16 10
238 10 15
239 9 15
240 7 12
241 8 7
242 9 4
243 7 6
244 14 9
245 5 7
246 7 8
247 9 14
248 10 11
249 12 5
250 13 8
251 10 3
252 8 3
253 13 2
254 15 6
255 10 13
256 12 10
257 12 11
258 2 9
259 44 3
260 17 4
261 9 17
262 8 6
263 32 9
264 11 3
265 9 8
266 7 5
267 16 6
268 11 8
269 11 9
270 12 7
271 11 7
272 22 7
273 15 15
274 4 7
275 15 3
276 5 6
277 13 7
278 11 4
279 9 5
280 12 8
281 9 6
282 17 9
283 45 9
284 29 6
285 13 5
286 25 6
287 17 4
288 20 6
289 26 13
290 25 9
291 27 1
292 46 2
293 24 2
294 16 3
295 23 5
296 30 2
297 29 5
298 30 4
299 14 9
300 22 9
301 12 2
302 6 11
303 8 9
304 15 6
305 12 17
306 58 3
307 11 17
308 23 5
309 16 16
310 21 10
311 15 7
312 5 3
313 8 1
314 5 2
315 16 10
316 10 5
317 10 6
318 23 9
319 16 7
320 10 5
321 13 7
322 20 5
323 6 7
324 10 9
325 6 2
326 21 4
327 29 2
328 8 3
329 26 16
330 10 14
331 8 7
332 21 5
333 26 4
334 20 6
335 19 12
336 34 3
337 11 3
338 14 8
339 24 2
340 25 5
341 25 4
342 39 6
343 32 6
344 23 4
345 16 6
346 11 8
347 29 1
348 18 2
349 30 12
350 17 2
351 11 7
352 12 9
353 8 1
354 8 8
355 10 0
356 14 13
357 9 3
358 7 6
359 9 3
360 30 4
361 25 9
362 11 3
363 11 4
364 4 2
365 4 7
366 5 19
367 5 3
368 5 5
369 8 5
370 3 4
371 6 3
372 5 5
373 3 2
374 7 3
375 2 1
376 4 4
377 4 3
378 3 5
379 0 5
380 5 3
381 7 6
382 13 2
383 14 2
384 8 8
385 14 10
